BGM:found footage.mp3
BPM:168.5
ACC:89
NOTE:1.8
COMP:■37
LV:12
CC:TKYK.env

#START
1,1,0,31
1,1,-255

1,1,3,23
1,1,-255

1,1,1,15
1,1,-255

1,1,2,7

1,4,4,3

3,1920,0
3,1920,1
3,1920,2
3,16,3
3,1920,0
3,1920,1
3,1920,2
3,16,3
3,1920,0
3,1920,1
3,1920,2
3,8,3
3,1920,0
3,1920,1
3,1920,2
3,2,3

1,4,0,8

3,1920,0
1,8,3
3,1920,0
1,8,3
3,1920,0
1,4,3

3,1920,0
1,8,2
3,1920,0
1,8,2
3,1920,0
1,8,2

3,1920,0
1,8,1
3,1920,0
1,8,1
3,1920,0
1,8,1

1,4,2,2
1,4,3,1

1,4,1,8

3,1920,1
1,8,0
3,1920,1
1,8,0
3,1920,1
1,4,0

3,1920,1
1,8,2
3,1920,1
1,8,2
3,1920,1
1,8,2

3,1920,1
1,8,3
3,1920,1
1,8,3
3,1920,1
1,8,3

1,4,0,2
1,4,3,1

1,4,2,8

3,1920,2
1,8,0
3,1920,2
1,8,0
3,1920,2
1,4,0

3,1920,2
1,8,1
3,1920,2
1,8,1
3,1920,2
1,8,1

3,1920,2
1,8,3
3,1920,2
1,8,3
3,1920,2
1,8,3

1,4,0,2
1,4,1,1

1,8,3

1,8,0,2
1,8,1,1.5
1,8,2,1
1,8,3,0.5

1,16,-255

3,1920,0
3,1920,1
3,1920,2
3,16,3

1,8,-255

1,4,0

1,8,3
1,8,2
1,8,1

#SPEED:1.0,3,1.25
1,1920,0,0.5
1,1920,1,0.5
1,1920,2,0.5
1,4,3,0.5

#SPEED:1.8,2,3.5
3,1920,0
3,1920,1
3,1920,2
3,4,3

1,1920,0,16

#END