BGM:enchanted love.mp3
BPM:190
ACC:0
NOTE:1.8
COMP:linear ring
LV:13
CC:TKYK.env

#START

3,6,0
3,12,1
3,6,2

#SPEED:0.0,0

3,12,3

#SPEED:1.8,2,2

1,2,-255

3,6,3
3,12,2
3,6,1

#SPEED:0.0,0

3,12,0

#SPEED:1.8,2,2

1,2,-255

3,6,0
3,12,3
3,6,1

#SPEED:0.0,0

3,12,2

#SPEED:1.8,2,2

1,2,-255

3,6,1
3,12,3
3,6,2

3,12,0

1,6,-255

3,1920,1
3,12,2
3,1920,0
3,6,3

3,12,3

1,6,0,2
1,12,1,1.3
1,6,2,1
1,12,3,0.3

#SPEED:0.0,0

3,1920,0
3,1920,1
3,1920,2
3,8,3

#SPEED:1.8,2,1

1,8,-255
1,4,-255

1,6,3,2
1,12,2,1.3
1,6,1,1
1,12,0,0.3

#SPEED:0.0,0

3,1920,0
3,1920,1
3,1920,2
3,8,3

#SPEED:1.8,2,1

1,8,-255
1,4,-255

1,6,3,2
1,12,0,1.3
1,6,1,1
1,12,2,0.3

#SPEED:0.0,0

3,1920,0
3,1920,1
3,1920,2
3,8,3

#SPEED:1.8,2,1

1,8,-255
1,4,-255

1,6,3,4
1,12,2,3.3
1,6,1,3
1,12,0,2.3

3,6,3
3,12,2
3,6,1
3,12,0

3,1920,0
3,1920,1
3,1920,2
3,6,3

3,12,2

3,12,3
3,12,2
3,12,1

#SPEED:0.0,2,1
3,4,0
#SPEED:1.8,3,2.5

3,1920,2
3,6,1

3,1920,3
3,12,0

3,1920,0
3,1920,1
3,1920,2
3,6,3

3,12,2

3,12,3
3,12,2
3,12,1

#SPEED:0.0,2,1
3,4,0
#SPEED:1.8,3,2.5

3,1920,2
3,6,1

3,1920,3
3,12,0

3,1920,0
3,1920,1
3,1920,2
3,6,3

3,12,2

3,12,3
3,12,2
3,12,1

#SPEED:0.0,2,1
3,4,0
#SPEED:1.8,3,1.5

3,1920,2
3,6,1

3,1920,3
3,12,0

#SPEED:0.0,1,6

3,12,0
3,12,1
3,12,2
3,12,3
3,12,2
3,12,3

3,12,1
3,12,2
3,12,3

#SPEED:1.8,3,2

3,12,2
3,12,1
3,12,0

1,12,3
1,12,2
1,12,1

1,1920,2,1
1,6,3,1

1,1920,0
1,12,1

1,2,-255

1,12,0
1,12,1
1,12,2

1,1920,0,1
1,6,1,1

1,1920,2
1,12,3

1,2,-255

1,12,1
1,12,2
1,12,3

1,1920,0,1
1,6,1,1

1,12,3

1,2,-255

1,12,2
1,12,1
1,12,0

1,1920,2,1
1,6,3,1

1,12,0

1,12,1
1,12,2
1,12,3
1,12,2
1,12,1
1,12,0

1,6,4,16


#END